repo_id,repo_full_name,file,file_sha1,match
516107540,fmsampaio/vtm-17-ndp,cfg/per-sequence-non-420/VenueVu_RGB.cfg,203c85bff7d38e540db6e64f42986b713320912a,VU#1920
516107540,fmsampaio/vtm-17-ndp,cfg/per-sequence/VenueVu_GBR.cfg,7937bc4d6897ab14eec96329c97a5ce3df40a224,VU#1920
516107540,fmsampaio/vtm-17-ndp,cfg/per-sequence-non-420/VenueVu_444_10bit.cfg,c279f218220228be91bb1df4d112ffaf085032d5,VU#1920
516107540,fmsampaio/vtm-17-ndp,cfg/per-sequence-non-420/VenueVu_444_10bit.cfg,c279f218220228be91bb1df4d112ffaf085032d5,VU#444
