match,match_weight,repo_url,repo_full_name,repo_id
CVE-2021-34426,0.00048876,https://github.com/readerbench/CVE2ATT-CK,readerbench/CVE2ATT-CK,522273245
CVE-2021-34426,0.00048054,https://github.com/gulpinhenry/CVE2ATT-CK,gulpinhenry/CVE2ATT-CK,609276343
CVE-2021-34426,0.00009696,https://github.com/readerbench/CVE2ATT-CK-tactics,readerbench/CVE2ATT-CK-tactics,725704104
CVE-2021-34426,0.00002046,https://github.com/jsteinberg4/cve-retrieval,jsteinberg4/cve-retrieval,577043003
CVE-2021-34426,0.00001219,https://github.com/hellmaxx/Vulnerability-and-exploit-collector-and-map-for-information-security-analytics,hellmaxx/Vulnerability-and-exploit-collector-and-map-for-information-security-analytics,613327762
CVE-2021-34426,0.00000553,https://github.com/jgamblin/EPSSNVD,jgamblin/EPSSNVD,457057905
CVE-2021-34426,0.00000432,https://github.com/gmatuz/inthewilddb,gmatuz/inthewilddb,404367677
CVE-2021-34426,0.00000416,https://github.com/scmanjarrez/CVEScannerV2DB,scmanjarrez/CVEScannerV2DB,394995609
CVE-2021-34426,0.00000362,https://github.com/Live-Hack-CVE/full_database,Live-Hack-CVE/full_database,603381678
CVE-2021-34426,0.00000359,https://github.com/BenjiTrapp/cisa-known-vuln-scraper,BenjiTrapp/cisa-known-vuln-scraper,669852222
CVE-2021-34426,0.00000323,https://github.com/kaRaGODDD/cve_database,kaRaGODDD/cve_database,747924426
CVE-2021-34426,0.00000306,https://github.com/g33kb00m/CVE2Chinese,g33kb00m/CVE2Chinese,582653564
