match,match_weight,repo_url,repo_full_name,repo_id
CVE-2015-6805,0.03448276,https://github.com/merlinepedra25/wordpress-exploit-framework,merlinepedra25/wordpress-exploit-framework,519460235
CVE-2015-6805,0.03448276,https://github.com/merlinepedra/wordpress-exploit-framework,merlinepedra/wordpress-exploit-framework,519460207
CVE-2015-6805,0.03448276,https://github.com/shakenetwork/wordpress-exploit-framework,shakenetwork/wordpress-exploit-framework,103017862
CVE-2015-6805,0.02941176,https://github.com/smartdevcode/wordpress-exploit-framework,smartdevcode/wordpress-exploit-framework,416797963
CVE-2015-6805,0.01492537,https://github.com/Alpha-Wordpress/wordpress-exploit-framework,Alpha-Wordpress/wordpress-exploit-framework,485653354
CVE-2015-6805,0.01492537,https://github.com/oneplus-x/WordPress-Exploit-Framework,oneplus-x/WordPress-Exploit-Framework,165921549
CVE-2015-6805,0.01492537,https://github.com/seno-adji/WORDPRESS-EXPLOIT-FRAMEWORK,seno-adji/WORDPRESS-EXPLOIT-FRAMEWORK,155500829
CVE-2015-6805,0.01492537,https://github.com/rastating/wordpress-exploit-framework,rastating/wordpress-exploit-framework,47001236
CVE-2015-6805,0.00151057,https://github.com/iDuronto/Sploits,iDuronto/Sploits,114869419
CVE-2015-6805,0.00018622,https://github.com/zcmurphy87/Exploit_Window_Markdown,zcmurphy87/Exploit_Window_Markdown,264694165
CVE-2015-6805,0.00018546,https://github.com/ajvarela/amadeus-exploit,ajvarela/amadeus-exploit,535780576
CVE-2015-6805,0.00008655,https://github.com/kuznetsov-a/cve-exploit,kuznetsov-a/cve-exploit,177462278
CVE-2015-6805,0.00007218,https://github.com/vulsio/go-exploitdb,vulsio/go-exploitdb,151353348
CVE-2015-6805,0.00006141,https://github.com/adysec/nuclei_poc,adysec/nuclei_poc,797010442
CVE-2015-6805,0.00005836,https://github.com/florayfr1/Vulnerability-Exploitation-Predition,florayfr1/Vulnerability-Exploitation-Predition,420198517
CVE-2015-6805,0.00005376,https://github.com/cvebase/cvebase.com,cvebase/cvebase.com,300791308
CVE-2015-6805,0.00004415,https://github.com/berylliumsec/nebula,berylliumsec/nebula,698663431
CVE-2015-6805,0.00004182,https://github.com/swapravo/cvesploit,swapravo/cvesploit,385868347
CVE-2015-6805,0.00004090,https://github.com/BMaChina/cnvd_database,BMaChina/cnvd_database,90101928
CVE-2015-6805,0.00003507,https://github.com/rayan776/predict_cve_exploited,rayan776/predict_cve_exploited,504828540
CVE-2015-6805,0.00002654,https://github.com/spiritofthegael/ExploitDB-Project,spiritofthegael/ExploitDB-Project,228261222
CVE-2015-6805,0.00001598,https://github.com/leesinz/crush,leesinz/crush,751271973
CVE-2015-6805,0.00001517,https://github.com/patrickmpalmer/exploit-prediction-calculator,patrickmpalmer/exploit-prediction-calculator,244423496
CVE-2015-6805,0.00001465,https://github.com/SkyBelll/CVE-PoC,SkyBelll/CVE-PoC,585756450
CVE-2015-6805,0.00001435,https://github.com/gsmith257-cyber/BIT3434CVE,gsmith257-cyber/BIT3434CVE,571742046
CVE-2015-6805,0.00001434,https://github.com/c4ristian/exploits,c4ristian/exploits,588967891
CVE-2015-6805,0.00001432,https://github.com/just3019/CNVD-updater,just3019/CNVD-updater,284659876
CVE-2015-6805,0.00001430,https://github.com/khulnasoft-labs/exploitdb,khulnasoft-labs/exploitdb,668632186
CVE-2015-6805,0.00001429,https://github.com/fooster1337/searchxploit,fooster1337/searchxploit,726528344
CVE-2015-6805,0.00001429,https://github.com/kellywang568/Cybersecurity_project_casestudies,kellywang568/Cybersecurity_project_casestudies,716328323
CVE-2015-6805,0.00001398,https://github.com/Doctype02/exploitdb,Doctype02/exploitdb,600900944
CVE-2015-6805,0.00001392,https://github.com/artyang/exploitdb,artyang/exploitdb,668899208
CVE-2015-6805,0.00001391,https://github.com/itsanirbanbain/Exploit-Finder,itsanirbanbain/Exploit-Finder,756844796
CVE-2015-6805,0.00001391,https://github.com/itsanirbanbain/Exploit-Finder,itsanirbanbain/Exploit-Finder,757653051
CVE-2015-6805,0.00001390,https://github.com/NoorahSmith/Exploit-DB-offsec,NoorahSmith/Exploit-DB-offsec,696682686
CVE-2015-6805,0.00001390,https://github.com/jamesser/exploitdb-reduced,jamesser/exploitdb-reduced,758271611
CVE-2015-6805,0.00001389,https://github.com/EthicalSecurity-Agency/exploit-database-exploitdb.,EthicalSecurity-Agency/exploit-database-exploitdb.,766280178
CVE-2015-6805,0.00001388,https://github.com/chriss-0x01/https-gitlab.com-exploit-database-exploitdb,chriss-0x01/https-gitlab.com-exploit-database-exploitdb,789084480
CVE-2015-6805,0.00001387,https://github.com/offsoc/exploitdb,offsoc/exploitdb,802540580
CVE-2015-6805,0.00001324,https://github.com/CVEDB/cve-poc,CVEDB/cve-poc,617748045
CVE-2015-6805,0.00001319,https://github.com/w3security/PoCVE,w3security/PoCVE,606657364
CVE-2015-6805,0.00001085,https://github.com/samvho/exploit_prediction,samvho/exploit_prediction,454109614
CVE-2015-6805,0.00001031,https://github.com/afonsovitorio/cve_sandbox,afonsovitorio/cve_sandbox,756917322
CVE-2015-6805,0.00000937,https://github.com/0xMarcio/cve,0xMarcio/cve,805332779
CVE-2015-6805,0.00000929,https://github.com/cve-sandbox-bot/cve_sandbox,cve-sandbox-bot/cve_sandbox,761136511
CVE-2015-6805,0.00000928,https://github.com/trickest/cve,trickest/cve,454015416
CVE-2015-6805,0.00000673,https://github.com/meelunae/exploitability_prediction,meelunae/exploitability_prediction,612770665
CVE-2015-6805,0.00000665,https://github.com/NadimKawwa/Cyber_Threat_Identification,NadimKawwa/Cyber_Threat_Identification,318011542
CVE-2015-6805,0.00000629,https://github.com/Vasileios-Mavroeidis/semantic-stix-vulnerability,Vasileios-Mavroeidis/semantic-stix-vulnerability,392265661
CVE-2015-6805,0.00000570,https://github.com/Yuning-J/VulnerabilityClassifier,Yuning-J/VulnerabilityClassifier,429349871
CVE-2015-6805,0.00000553,https://github.com/jgamblin/EPSSNVD,jgamblin/EPSSNVD,457057905
CVE-2015-6805,0.00000473,https://github.com/zer0daysec/CNVD-SharedVulData-XML,zer0daysec/CNVD-SharedVulData-XML,724578396
CVE-2015-6805,0.00000472,https://github.com/zhangkaibin0921/cnvd_official_data_and_spider,zhangkaibin0921/cnvd_official_data_and_spider,731956729
CVE-2015-6805,0.00000432,https://github.com/gmatuz/inthewilddb,gmatuz/inthewilddb,404367677
CVE-2015-6805,0.00000416,https://github.com/scmanjarrez/CVEScannerV2DB,scmanjarrez/CVEScannerV2DB,394995609
CVE-2015-6805,0.00000362,https://github.com/Live-Hack-CVE/full_database,Live-Hack-CVE/full_database,603381678
CVE-2015-6805,0.00000359,https://github.com/BenjiTrapp/cisa-known-vuln-scraper,BenjiTrapp/cisa-known-vuln-scraper,669852222
CVE-2015-6805,0.00000323,https://github.com/kaRaGODDD/cve_database,kaRaGODDD/cve_database,747924426
CVE-2015-6805,0.00000306,https://github.com/g33kb00m/CVE2Chinese,g33kb00m/CVE2Chinese,582653564
