match,match_weight,repo_url,repo_full_name,repo_id
VU#9357,0.05263158,https://github.com/Blue-PvP/RobloxExploits,Blue-PvP/RobloxExploits,461344305
