repo_id,repo_full_name,file,file_sha1,match
581356071,Live-Hack-CVE/CVE-2016-2178,README.md,a10ea9ea91ca4644d8726554de437fef437c1b5c,BID-91081
581356071,Live-Hack-CVE/CVE-2016-2178,README.md,a10ea9ea91ca4644d8726554de437fef437c1b5c,CVE-2016-2178
581356071,Live-Hack-CVE/CVE-2016-2178,_GITHUB_REPO_METADATA_,,CVE-2016-2178
