match,match_weight,repo_url,repo_full_name,repo_id
CVE-2021-46352,0.05263158,https://github.com/efchatz/easy-exploits,efchatz/easy-exploits,497138927
CVE-2021-46352,0.00009367,https://github.com/Live-Hack-CVE/POC,Live-Hack-CVE/POC,619822673
CVE-2021-46352,0.00005749,https://github.com/L1GH7/Vaultiris,L1GH7/Vaultiris,568121763
CVE-2021-46352,0.00001319,https://github.com/w3security/PoCVE,w3security/PoCVE,606657364
CVE-2021-46352,0.00001031,https://github.com/afonsovitorio/cve_sandbox,afonsovitorio/cve_sandbox,756917322
CVE-2021-46352,0.00000937,https://github.com/0xMarcio/cve,0xMarcio/cve,805332779
CVE-2021-46352,0.00000929,https://github.com/cve-sandbox-bot/cve_sandbox,cve-sandbox-bot/cve_sandbox,761136511
CVE-2021-46352,0.00000928,https://github.com/trickest/cve,trickest/cve,454015416
CVE-2021-46352,0.00000306,https://github.com/g33kb00m/CVE2Chinese,g33kb00m/CVE2Chinese,582653564
