match,match_weight,repo_url,repo_full_name,repo_id
CVE-2014-2972,0.04166667,https://github.com/lmol/CVE-2020-28018,lmol/CVE-2020-28018,367189791
CVE-2014-2972,0.03846154,https://github.com/dns43/exploits,dns43/exploits,193015842
CVE-2014-2972,0.03225806,https://github.com/lockedbyte/CVE-Exploits,lockedbyte/CVE-Exploits,320717050
CVE-2014-2972,0.01724138,https://github.com/FroggDev/BASH_froggLinuxSecurityChecker,FroggDev/BASH_froggLinuxSecurityChecker,25527878
CVE-2014-2972,0.00900901,https://github.com/DarkFunct/CVE_Exploits,DarkFunct/CVE_Exploits,411731731
CVE-2014-2972,0.00558659,https://github.com/TheMirkin/CVE-List-Public-Exploits,TheMirkin/CVE-List-Public-Exploits,441476203
CVE-2014-2972,0.00280899,https://github.com/wukong-bin/PeiQi-0day,wukong-bin/PeiQi-0day,465142654
CVE-2014-2972,0.00274725,https://github.com/chenxianshen789/0day,chenxianshen789/0day,808071258
CVE-2014-2972,0.00274725,https://github.com/GGStudy-DDUp/0day,GGStudy-DDUp/0day,541448279
CVE-2014-2972,0.00274725,https://github.com/fei9747/0day-1,fei9747/0day-1,515816665
CVE-2014-2972,0.00274725,https://github.com/Micr067/0day,Micr067/0day,504727514
CVE-2014-2972,0.00274725,https://github.com/takeboy/https-github.com-Lucifer1993-0day,takeboy/https-github.com-Lucifer1993-0day,476586810
CVE-2014-2972,0.00274725,https://github.com/helloexp/0day,helloexp/0day,106411071
CVE-2014-2972,0.00248139,https://github.com/helloexp/0day,helloexp/0day,478826386
CVE-2014-2972,0.00006087,https://github.com/fedoraredteam/elem,fedoraredteam/elem,98762032
CVE-2014-2972,0.00006086,https://github.com/redteam-project/lem,redteam-project/lem,171368898
CVE-2014-2972,0.00004153,https://github.com/talking2wall/Vulnerabilities-Exploits-Analysis,talking2wall/Vulnerabilities-Exploits-Analysis,443149726
CVE-2014-2972,0.00003507,https://github.com/rayan776/predict_cve_exploited,rayan776/predict_cve_exploited,504828540
CVE-2014-2972,0.00001186,https://github.com/scipag/vulscan,scipag/vulscan,84558222
CVE-2014-2972,0.00000673,https://github.com/meelunae/exploitability_prediction,meelunae/exploitability_prediction,612770665
CVE-2014-2972,0.00000665,https://github.com/NadimKawwa/Cyber_Threat_Identification,NadimKawwa/Cyber_Threat_Identification,318011542
CVE-2014-2972,0.00000629,https://github.com/Vasileios-Mavroeidis/semantic-stix-vulnerability,Vasileios-Mavroeidis/semantic-stix-vulnerability,392265661
CVE-2014-2972,0.00000570,https://github.com/Yuning-J/VulnerabilityClassifier,Yuning-J/VulnerabilityClassifier,429349871
CVE-2014-2972,0.00000553,https://github.com/jgamblin/EPSSNVD,jgamblin/EPSSNVD,457057905
CVE-2014-2972,0.00000432,https://github.com/gmatuz/inthewilddb,gmatuz/inthewilddb,404367677
CVE-2014-2972,0.00000416,https://github.com/scmanjarrez/CVEScannerV2DB,scmanjarrez/CVEScannerV2DB,394995609
CVE-2014-2972,0.00000362,https://github.com/Live-Hack-CVE/full_database,Live-Hack-CVE/full_database,603381678
CVE-2014-2972,0.00000359,https://github.com/BenjiTrapp/cisa-known-vuln-scraper,BenjiTrapp/cisa-known-vuln-scraper,669852222
CVE-2014-2972,0.00000323,https://github.com/kaRaGODDD/cve_database,kaRaGODDD/cve_database,747924426
CVE-2014-2972,0.00000306,https://github.com/g33kb00m/CVE2Chinese,g33kb00m/CVE2Chinese,582653564
