match,match_weight,repo_url,repo_full_name,repo_id
CVE-2020-1965,0.00010325,https://github.com/f0ns1/CVE-2020,f0ns1/CVE-2020,353048821
CVE-2020-1965,0.00000306,https://github.com/g33kb00m/CVE2Chinese,g33kb00m/CVE2Chinese,582653564
