match,match_weight,repo_url,repo_full_name,repo_id
CVE-2023-4215,0.00014192,https://github.com/s4mw1se/cve-exploitability,s4mw1se/cve-exploitability,748466197
CVE-2023-4215,0.00000416,https://github.com/scmanjarrez/CVEScannerV2DB,scmanjarrez/CVEScannerV2DB,394995609
CVE-2023-4215,0.00000359,https://github.com/BenjiTrapp/cisa-known-vuln-scraper,BenjiTrapp/cisa-known-vuln-scraper,669852222
CVE-2023-4215,0.00000323,https://github.com/kaRaGODDD/cve_database,kaRaGODDD/cve_database,747924426
