match,match_weight,repo_url,repo_full_name,repo_id
CVE-2010-3343,0.00028209,https://github.com/rothilion26/cve2023-data,rothilion26/cve2023-data,721764317
CVE-2010-3343,0.00027601,https://github.com/7Ragnarok7/Windows-Exploit-Suggester-2,7Ragnarok7/Windows-Exploit-Suggester-2,327574487
CVE-2010-3343,0.00027034,https://github.com/IAmAnubhavSaini/wes.py3,IAmAnubhavSaini/wes.py3,416837367
CVE-2010-3343,0.00018083,https://github.com/akabe1/windows_exploit_dowser,akabe1/windows_exploit_dowser,187895283
CVE-2010-3343,0.00011174,https://github.com/gdynamics/exploitation-scraping,gdynamics/exploitation-scraping,225103901
CVE-2010-3343,0.00002714,https://github.com/kaismax/CVE-Poc,kaismax/CVE-Poc,462788135
CVE-2010-3343,0.00001465,https://github.com/SkyBelll/CVE-PoC,SkyBelll/CVE-PoC,585756450
CVE-2010-3343,0.00001324,https://github.com/CVEDB/cve-poc,CVEDB/cve-poc,617748045
CVE-2010-3343,0.00001319,https://github.com/w3security/PoCVE,w3security/PoCVE,606657364
CVE-2010-3343,0.00001186,https://github.com/scipag/vulscan,scipag/vulscan,84558222
CVE-2010-3343,0.00001031,https://github.com/afonsovitorio/cve_sandbox,afonsovitorio/cve_sandbox,756917322
CVE-2010-3343,0.00000937,https://github.com/0xMarcio/cve,0xMarcio/cve,805332779
CVE-2010-3343,0.00000929,https://github.com/cve-sandbox-bot/cve_sandbox,cve-sandbox-bot/cve_sandbox,761136511
CVE-2010-3343,0.00000928,https://github.com/trickest/cve,trickest/cve,454015416
CVE-2010-3343,0.00000673,https://github.com/meelunae/exploitability_prediction,meelunae/exploitability_prediction,612770665
CVE-2010-3343,0.00000665,https://github.com/NadimKawwa/Cyber_Threat_Identification,NadimKawwa/Cyber_Threat_Identification,318011542
CVE-2010-3343,0.00000629,https://github.com/Vasileios-Mavroeidis/semantic-stix-vulnerability,Vasileios-Mavroeidis/semantic-stix-vulnerability,392265661
CVE-2010-3343,0.00000570,https://github.com/Yuning-J/VulnerabilityClassifier,Yuning-J/VulnerabilityClassifier,429349871
CVE-2010-3343,0.00000553,https://github.com/jgamblin/EPSSNVD,jgamblin/EPSSNVD,457057905
CVE-2010-3343,0.00000432,https://github.com/gmatuz/inthewilddb,gmatuz/inthewilddb,404367677
CVE-2010-3343,0.00000416,https://github.com/scmanjarrez/CVEScannerV2DB,scmanjarrez/CVEScannerV2DB,394995609
CVE-2010-3343,0.00000362,https://github.com/Live-Hack-CVE/full_database,Live-Hack-CVE/full_database,603381678
CVE-2010-3343,0.00000359,https://github.com/BenjiTrapp/cisa-known-vuln-scraper,BenjiTrapp/cisa-known-vuln-scraper,669852222
CVE-2010-3343,0.00000323,https://github.com/kaRaGODDD/cve_database,kaRaGODDD/cve_database,747924426
CVE-2010-3343,0.00000306,https://github.com/g33kb00m/CVE2Chinese,g33kb00m/CVE2Chinese,582653564
