match,match_weight,repo_url,repo_full_name,repo_id
CVE-2012-3807,0.00063939,https://github.com/maxamin/exploitpack-from-an-APT-infrastructure,maxamin/exploitpack-from-an-APT-infrastructure,460082165
CVE-2012-3807,0.00024062,https://github.com/ishell/Exploits-Archives,ishell/Exploits-Archives,18521173
CVE-2012-3807,0.00015108,https://github.com/BuddhaLabs/PacketStorm-Exploits,BuddhaLabs/PacketStorm-Exploits,14740030
CVE-2012-3807,0.00008672,https://github.com/sepehrdaddev/packetstorm-exploits,sepehrdaddev/packetstorm-exploits,271076842
CVE-2012-3807,0.00008609,https://github.com/kylekirkby/Python-Exploit-Search-Tool,kylekirkby/Python-Exploit-Search-Tool,16252900
CVE-2012-3807,0.00005811,https://github.com/wereallfeds/exploitdb,wereallfeds/exploitdb,55874497
CVE-2012-3807,0.00005616,https://github.com/shewey/exploit-db,shewey/exploit-db,76283094
CVE-2012-3807,0.00005610,https://github.com/AJMartel/offsec_exploits,AJMartel/offsec_exploits,75109498
CVE-2012-3807,0.00005486,https://github.com/FoxxyOS/exploitdb,FoxxyOS/exploitdb,131738912
CVE-2012-3807,0.00005486,https://github.com/ParrotSec/exploitdb,ParrotSec/exploitdb,63003028
CVE-2012-3807,0.00005394,https://github.com/yashodhank/exploit-database,yashodhank/exploit-database,104515468
CVE-2012-3807,0.00005379,https://github.com/1oid/exploitsearch,1oid/exploitsearch,111814394
CVE-2012-3807,0.00005357,https://github.com/R3K1NG/exploit-database,R3K1NG/exploit-database,107473902
CVE-2012-3807,0.00005316,https://github.com/Capa-cc/Exploit,Capa-cc/Exploit,114506475
CVE-2012-3807,0.00005290,https://github.com/fortify24x7/offensive-security-exploit-database,fortify24x7/offensive-security-exploit-database,117653410
CVE-2012-3807,0.00005249,https://github.com/Buzzkillhardball667/exploit-database,Buzzkillhardball667/exploit-database,120898188
CVE-2012-3807,0.00005203,https://github.com/Buzzkillhardball667/exploit-database.,Buzzkillhardball667/exploit-database.,124883872
CVE-2012-3807,0.00005122,https://github.com/xfinest/exploit-database,xfinest/exploit-database,138446262
CVE-2012-3807,0.00005068,https://github.com/kunphiphitb/exploitdb,kunphiphitb/exploitdb,152238433
CVE-2012-3807,0.00005041,https://github.com/metoo10987/exploitdb,metoo10987/exploitdb,156733009
CVE-2012-3807,0.00005020,https://github.com/TheGableMethod/exploitdb,TheGableMethod/exploitdb,164003708
CVE-2012-3807,0.00004878,https://github.com/blackunixteam/exploit-exploitdb,blackunixteam/exploit-exploitdb,223551245
CVE-2012-3807,0.00004800,https://github.com/84KaliPleXon3/offensive-security-exploitdb,84KaliPleXon3/offensive-security-exploitdb,282981718
CVE-2012-3807,0.00004747,https://github.com/Silentsoul04/exploitdb-1,Silentsoul04/exploitdb-1,336607627
CVE-2012-3807,0.00004627,https://github.com/uboolean/exploitdb,uboolean/exploitdb,504212345
CVE-2012-3807,0.00004622,https://github.com/merlinepedra25/EXPLOITDB,merlinepedra25/EXPLOITDB,531505478
CVE-2012-3807,0.00004620,https://github.com/hakDean/ExploitDB,hakDean/ExploitDB,552353301
CVE-2012-3807,0.00004620,https://github.com/offensive-security/exploitdb,offensive-security/exploitdb,14902556
CVE-2012-3807,0.00004182,https://github.com/swapravo/cvesploit,swapravo/cvesploit,385868347
CVE-2012-3807,0.00004103,https://github.com/BaRRaKudaRain/ExploitDB,BaRRaKudaRain/ExploitDB,251006702
CVE-2012-3807,0.00002714,https://github.com/kaismax/CVE-Poc,kaismax/CVE-Poc,462788135
CVE-2012-3807,0.00002654,https://github.com/spiritofthegael/ExploitDB-Project,spiritofthegael/ExploitDB-Project,228261222
CVE-2012-3807,0.00001598,https://github.com/leesinz/crush,leesinz/crush,751271973
CVE-2012-3807,0.00001517,https://github.com/patrickmpalmer/exploit-prediction-calculator,patrickmpalmer/exploit-prediction-calculator,244423496
CVE-2012-3807,0.00001465,https://github.com/SkyBelll/CVE-PoC,SkyBelll/CVE-PoC,585756450
CVE-2012-3807,0.00001435,https://github.com/gsmith257-cyber/BIT3434CVE,gsmith257-cyber/BIT3434CVE,571742046
CVE-2012-3807,0.00001434,https://github.com/c4ristian/exploits,c4ristian/exploits,588967891
CVE-2012-3807,0.00001430,https://github.com/khulnasoft-labs/exploitdb,khulnasoft-labs/exploitdb,668632186
CVE-2012-3807,0.00001429,https://github.com/fooster1337/searchxploit,fooster1337/searchxploit,726528344
CVE-2012-3807,0.00001429,https://github.com/kellywang568/Cybersecurity_project_casestudies,kellywang568/Cybersecurity_project_casestudies,716328323
CVE-2012-3807,0.00001398,https://github.com/Doctype02/exploitdb,Doctype02/exploitdb,600900944
CVE-2012-3807,0.00001392,https://github.com/artyang/exploitdb,artyang/exploitdb,668899208
CVE-2012-3807,0.00001391,https://github.com/itsanirbanbain/Exploit-Finder,itsanirbanbain/Exploit-Finder,756844796
CVE-2012-3807,0.00001391,https://github.com/itsanirbanbain/Exploit-Finder,itsanirbanbain/Exploit-Finder,757653051
CVE-2012-3807,0.00001390,https://github.com/NoorahSmith/Exploit-DB-offsec,NoorahSmith/Exploit-DB-offsec,696682686
CVE-2012-3807,0.00001390,https://github.com/jamesser/exploitdb-reduced,jamesser/exploitdb-reduced,758271611
CVE-2012-3807,0.00001389,https://github.com/EthicalSecurity-Agency/exploit-database-exploitdb.,EthicalSecurity-Agency/exploit-database-exploitdb.,766280178
CVE-2012-3807,0.00001388,https://github.com/chriss-0x01/https-gitlab.com-exploit-database-exploitdb,chriss-0x01/https-gitlab.com-exploit-database-exploitdb,789084480
CVE-2012-3807,0.00001387,https://github.com/offsoc/exploitdb,offsoc/exploitdb,802540580
CVE-2012-3807,0.00001324,https://github.com/CVEDB/cve-poc,CVEDB/cve-poc,617748045
CVE-2012-3807,0.00001319,https://github.com/w3security/PoCVE,w3security/PoCVE,606657364
CVE-2012-3807,0.00001186,https://github.com/scipag/vulscan,scipag/vulscan,84558222
CVE-2012-3807,0.00001031,https://github.com/afonsovitorio/cve_sandbox,afonsovitorio/cve_sandbox,756917322
CVE-2012-3807,0.00000937,https://github.com/0xMarcio/cve,0xMarcio/cve,805332779
CVE-2012-3807,0.00000929,https://github.com/cve-sandbox-bot/cve_sandbox,cve-sandbox-bot/cve_sandbox,761136511
CVE-2012-3807,0.00000928,https://github.com/trickest/cve,trickest/cve,454015416
CVE-2012-3807,0.00000673,https://github.com/meelunae/exploitability_prediction,meelunae/exploitability_prediction,612770665
CVE-2012-3807,0.00000665,https://github.com/NadimKawwa/Cyber_Threat_Identification,NadimKawwa/Cyber_Threat_Identification,318011542
CVE-2012-3807,0.00000629,https://github.com/Vasileios-Mavroeidis/semantic-stix-vulnerability,Vasileios-Mavroeidis/semantic-stix-vulnerability,392265661
CVE-2012-3807,0.00000570,https://github.com/Yuning-J/VulnerabilityClassifier,Yuning-J/VulnerabilityClassifier,429349871
CVE-2012-3807,0.00000553,https://github.com/jgamblin/EPSSNVD,jgamblin/EPSSNVD,457057905
CVE-2012-3807,0.00000432,https://github.com/gmatuz/inthewilddb,gmatuz/inthewilddb,404367677
CVE-2012-3807,0.00000416,https://github.com/scmanjarrez/CVEScannerV2DB,scmanjarrez/CVEScannerV2DB,394995609
CVE-2012-3807,0.00000362,https://github.com/Live-Hack-CVE/full_database,Live-Hack-CVE/full_database,603381678
CVE-2012-3807,0.00000359,https://github.com/BenjiTrapp/cisa-known-vuln-scraper,BenjiTrapp/cisa-known-vuln-scraper,669852222
CVE-2012-3807,0.00000323,https://github.com/kaRaGODDD/cve_database,kaRaGODDD/cve_database,747924426
CVE-2012-3807,0.00000306,https://github.com/g33kb00m/CVE2Chinese,g33kb00m/CVE2Chinese,582653564
