match,match_weight,repo_url,repo_full_name,repo_id
CVE-2023-46097,0.00013546,https://github.com/Shahrukh95/Cybersecurity-Domain-ChatBot-based-on-a-Fine-Tuned-Open-Source-Large-Language-Model,Shahrukh95/Cybersecurity-Domain-ChatBot-based-on-a-Fine-Tuned-Open-Source-Large-Language-Model,765351570
CVE-2023-46097,0.00000473,https://github.com/zer0daysec/CNVD-SharedVulData-XML,zer0daysec/CNVD-SharedVulData-XML,724578396
CVE-2023-46097,0.00000472,https://github.com/zhangkaibin0921/cnvd_official_data_and_spider,zhangkaibin0921/cnvd_official_data_and_spider,731956729
CVE-2023-46097,0.00000416,https://github.com/scmanjarrez/CVEScannerV2DB,scmanjarrez/CVEScannerV2DB,394995609
CVE-2023-46097,0.00000359,https://github.com/BenjiTrapp/cisa-known-vuln-scraper,BenjiTrapp/cisa-known-vuln-scraper,669852222
CVE-2023-46097,0.00000323,https://github.com/kaRaGODDD/cve_database,kaRaGODDD/cve_database,747924426
