match,match_weight,repo_url,repo_full_name,repo_id
CVE-2023-32353,0.00037707,https://github.com/kaRaGODDD/Cve-with-their-PoC-s,kaRaGODDD/Cve-with-their-PoC-s,750837859
CVE-2023-32353,0.00018702,https://github.com/tg12/PoC_CVEs,tg12/PoC_CVEs,543120512
CVE-2023-32353,0.00018443,https://github.com/kaRaGODDD/Cve-with-their-PoC-s,kaRaGODDD/Cve-with-their-PoC-s,756866150
CVE-2023-32353,0.00016606,https://github.com/nomi-sec/PoC-in-GitHub,nomi-sec/PoC-in-GitHub,226668668
CVE-2023-32353,0.00014545,https://github.com/ycdxsb/PocOrExp_in_Github,ycdxsb/PocOrExp_in_Github,357437766
CVE-2023-32353,0.00014192,https://github.com/s4mw1se/cve-exploitability,s4mw1se/cve-exploitability,748466197
CVE-2023-32353,0.00013546,https://github.com/Shahrukh95/Cybersecurity-Domain-ChatBot-based-on-a-Fine-Tuned-Open-Source-Large-Language-Model,Shahrukh95/Cybersecurity-Domain-ChatBot-based-on-a-Fine-Tuned-Open-Source-Large-Language-Model,765351570
CVE-2023-32353,0.00009367,https://github.com/Live-Hack-CVE/POC,Live-Hack-CVE/POC,619822673
CVE-2023-32353,0.00008883,https://github.com/LDrakura/CVE-Monitor,LDrakura/CVE-Monitor,535930698
CVE-2023-32353,0.00007955,https://github.com/sari3l/Poc-Monitor,sari3l/Poc-Monitor,503688932
CVE-2023-32353,0.00006261,https://github.com/adminlove520/Poc-Monitor_v1.0.1,adminlove520/Poc-Monitor_v1.0.1,585471029
CVE-2023-32353,0.00001598,https://github.com/leesinz/crush,leesinz/crush,751271973
CVE-2023-32353,0.00001031,https://github.com/afonsovitorio/cve_sandbox,afonsovitorio/cve_sandbox,756917322
CVE-2023-32353,0.00000937,https://github.com/0xMarcio/cve,0xMarcio/cve,805332779
CVE-2023-32353,0.00000929,https://github.com/cve-sandbox-bot/cve_sandbox,cve-sandbox-bot/cve_sandbox,761136511
CVE-2023-32353,0.00000928,https://github.com/trickest/cve,trickest/cve,454015416
CVE-2023-32353,0.00000416,https://github.com/scmanjarrez/CVEScannerV2DB,scmanjarrez/CVEScannerV2DB,394995609
CVE-2023-32353,0.00000362,https://github.com/Live-Hack-CVE/full_database,Live-Hack-CVE/full_database,603381678
CVE-2023-32353,0.00000359,https://github.com/BenjiTrapp/cisa-known-vuln-scraper,BenjiTrapp/cisa-known-vuln-scraper,669852222
CVE-2023-32353,0.00000323,https://github.com/kaRaGODDD/cve_database,kaRaGODDD/cve_database,747924426
