match,match_weight,repo_url,repo_full_name,repo_id
CVE-2021-21897,1.00000000,https://github.com/Live-Hack-CVE/CVE-2021-21897,Live-Hack-CVE/CVE-2021-21897,583080636
CVE-2021-21897,1.00000000,https://github.com/Live-Hack-CVE/CVE-2021-21897,Live-Hack-CVE/CVE-2021-21897,581717976
CVE-2021-21897,0.00019369,https://github.com/jieying-src/Endpoint-Forecasting-and-Interpreting,jieying-src/Endpoint-Forecasting-and-Interpreting,550144228
CVE-2021-21897,0.00007955,https://github.com/sari3l/Poc-Monitor,sari3l/Poc-Monitor,503688932
CVE-2021-21897,0.00006261,https://github.com/adminlove520/Poc-Monitor_v1.0.1,adminlove520/Poc-Monitor_v1.0.1,585471029
CVE-2021-21897,0.00005749,https://github.com/L1GH7/Vaultiris,L1GH7/Vaultiris,568121763
CVE-2021-21897,0.00002046,https://github.com/jsteinberg4/cve-retrieval,jsteinberg4/cve-retrieval,577043003
CVE-2021-21897,0.00001219,https://github.com/hellmaxx/Vulnerability-and-exploit-collector-and-map-for-information-security-analytics,hellmaxx/Vulnerability-and-exploit-collector-and-map-for-information-security-analytics,613327762
CVE-2021-21897,0.00001085,https://github.com/samvho/exploit_prediction,samvho/exploit_prediction,454109614
CVE-2021-21897,0.00001031,https://github.com/afonsovitorio/cve_sandbox,afonsovitorio/cve_sandbox,756917322
CVE-2021-21897,0.00000937,https://github.com/0xMarcio/cve,0xMarcio/cve,805332779
CVE-2021-21897,0.00000929,https://github.com/cve-sandbox-bot/cve_sandbox,cve-sandbox-bot/cve_sandbox,761136511
CVE-2021-21897,0.00000928,https://github.com/trickest/cve,trickest/cve,454015416
CVE-2021-21897,0.00000570,https://github.com/Yuning-J/VulnerabilityClassifier,Yuning-J/VulnerabilityClassifier,429349871
CVE-2021-21897,0.00000553,https://github.com/jgamblin/EPSSNVD,jgamblin/EPSSNVD,457057905
CVE-2021-21897,0.00000473,https://github.com/zer0daysec/CNVD-SharedVulData-XML,zer0daysec/CNVD-SharedVulData-XML,724578396
CVE-2021-21897,0.00000472,https://github.com/zhangkaibin0921/cnvd_official_data_and_spider,zhangkaibin0921/cnvd_official_data_and_spider,731956729
CVE-2021-21897,0.00000432,https://github.com/gmatuz/inthewilddb,gmatuz/inthewilddb,404367677
CVE-2021-21897,0.00000416,https://github.com/scmanjarrez/CVEScannerV2DB,scmanjarrez/CVEScannerV2DB,394995609
CVE-2021-21897,0.00000362,https://github.com/Live-Hack-CVE/full_database,Live-Hack-CVE/full_database,603381678
CVE-2021-21897,0.00000359,https://github.com/BenjiTrapp/cisa-known-vuln-scraper,BenjiTrapp/cisa-known-vuln-scraper,669852222
CVE-2021-21897,0.00000323,https://github.com/kaRaGODDD/cve_database,kaRaGODDD/cve_database,747924426
CVE-2021-21897,0.00000306,https://github.com/g33kb00m/CVE2Chinese,g33kb00m/CVE2Chinese,582653564
