match,match_weight,repo_url,repo_full_name,repo_id
CVE-2023-35918,0.00014192,https://github.com/s4mw1se/cve-exploitability,s4mw1se/cve-exploitability,748466197
CVE-2023-35918,0.00006141,https://github.com/adysec/nuclei_poc,adysec/nuclei_poc,797010442
CVE-2023-35918,0.00000416,https://github.com/scmanjarrez/CVEScannerV2DB,scmanjarrez/CVEScannerV2DB,394995609
CVE-2023-35918,0.00000362,https://github.com/Live-Hack-CVE/full_database,Live-Hack-CVE/full_database,603381678
CVE-2023-35918,0.00000359,https://github.com/BenjiTrapp/cisa-known-vuln-scraper,BenjiTrapp/cisa-known-vuln-scraper,669852222
CVE-2023-35918,0.00000323,https://github.com/kaRaGODDD/cve_database,kaRaGODDD/cve_database,747924426
