match,match_weight,repo_url,repo_full_name,repo_id
CVE-2005-18811,0.00000455,https://github.com/gmatuz/inthewilddb,gmatuz/inthewilddb,404367677
