repo_id,repo_full_name,file,file_sha1,match
741647149,Makasshi/PROOFCORE-Dayz-Cheat-Hack-Aimbot-Esp-Exploit-Magic-Bullet-Spoofer-Misc,DayZ Cheat/Esp & Aim/DayZMultiHack/LoadingScreen.resx,2cf582983608f77d1fc20c18498c0ddd105e488a,VU#158
741647149,Makasshi/PROOFCORE-Dayz-Cheat-Hack-Aimbot-Esp-Exploit-Magic-Bullet-Spoofer-Misc,DayZ Cheat/Esp & Aim/DayZMultiHack/LoadingScreen.resx,2cf582983608f77d1fc20c18498c0ddd105e488a,VU#216
741647149,Makasshi/PROOFCORE-Dayz-Cheat-Hack-Aimbot-Esp-Exploit-Magic-Bullet-Spoofer-Misc,DayZ Cheat/Esp & Aim/DayZMultiHack/LoadingScreen.resx,2cf582983608f77d1fc20c18498c0ddd105e488a,VU#25
741647149,Makasshi/PROOFCORE-Dayz-Cheat-Hack-Aimbot-Esp-Exploit-Magic-Bullet-Spoofer-Misc,DayZ Cheat/Esp & Aim/DayZMultiHack/LoadingScreen.resx,2cf582983608f77d1fc20c18498c0ddd105e488a,VU#34
741647149,Makasshi/PROOFCORE-Dayz-Cheat-Hack-Aimbot-Esp-Exploit-Magic-Bullet-Spoofer-Misc,DayZ Cheat/Esp & Aim/DayZMultiHack/LoadingScreen.resx,2cf582983608f77d1fc20c18498c0ddd105e488a,VU#36
741647149,Makasshi/PROOFCORE-Dayz-Cheat-Hack-Aimbot-Esp-Exploit-Magic-Bullet-Spoofer-Misc,DayZ Cheat/Esp & Aim/DayZMultiHack/LoadingScreen.resx,2cf582983608f77d1fc20c18498c0ddd105e488a,VU#49
741647149,Makasshi/PROOFCORE-Dayz-Cheat-Hack-Aimbot-Esp-Exploit-Magic-Bullet-Spoofer-Misc,DayZ Cheat/Esp & Aim/DayZMultiHack/LoadingScreen.resx,2cf582983608f77d1fc20c18498c0ddd105e488a,VU#67
741647149,Makasshi/PROOFCORE-Dayz-Cheat-Hack-Aimbot-Esp-Exploit-Magic-Bullet-Spoofer-Misc,DayZ Cheat/Esp & Aim/DayZMultiHack/LoadingScreen.resx,2cf582983608f77d1fc20c18498c0ddd105e488a,VU#70
741647149,Makasshi/PROOFCORE-Dayz-Cheat-Hack-Aimbot-Esp-Exploit-Magic-Bullet-Spoofer-Misc,DayZ Cheat/Esp & Aim/DayZMultiHack/LoadingScreen.resx,2cf582983608f77d1fc20c18498c0ddd105e488a,VU#712
741647149,Makasshi/PROOFCORE-Dayz-Cheat-Hack-Aimbot-Esp-Exploit-Magic-Bullet-Spoofer-Misc,DayZ Cheat/Esp & Aim/DayZMultiHack/LoadingScreen.resx,2cf582983608f77d1fc20c18498c0ddd105e488a,VU#73
741647149,Makasshi/PROOFCORE-Dayz-Cheat-Hack-Aimbot-Esp-Exploit-Magic-Bullet-Spoofer-Misc,DayZ Cheat/Esp & Aim/DayZMultiHack/LoadingScreen.resx,2cf582983608f77d1fc20c18498c0ddd105e488a,VU#84
