match,match_weight,repo_url,repo_full_name,repo_id
CVE-2019-19699,0.50000000,https://github.com/SpengeSec/CVE-2019-19699,SpengeSec/CVE-2019-19699,234596737
CVE-2019-19699,0.00050327,https://github.com/rg-13/BetterSploit,rg-13/BetterSploit,423256511
CVE-2019-19699,0.00049044,https://github.com/0xT11/CVE-POC,0xT11/CVE-POC,300646632
CVE-2019-19699,0.00028185,https://github.com/NaInSec/CVE-PoC-in-GitHub,NaInSec/CVE-PoC-in-GitHub,776065052
CVE-2019-19699,0.00027049,https://github.com/manas3c/CVE-POC,manas3c/CVE-POC,601742176
CVE-2019-19699,0.00021039,https://github.com/kaRaGODDD/Cve-with-thier-PoC-s,kaRaGODDD/Cve-with-thier-PoC-s,754747508
CVE-2019-19699,0.00018702,https://github.com/tg12/PoC_CVEs,tg12/PoC_CVEs,543120512
CVE-2019-19699,0.00018443,https://github.com/kaRaGODDD/Cve-with-their-PoC-s,kaRaGODDD/Cve-with-their-PoC-s,756866150
CVE-2019-19699,0.00016606,https://github.com/nomi-sec/PoC-in-GitHub,nomi-sec/PoC-in-GitHub,226668668
CVE-2019-19699,0.00014545,https://github.com/ycdxsb/PocOrExp_in_Github,ycdxsb/PocOrExp_in_Github,357437766
CVE-2019-19699,0.00009367,https://github.com/Live-Hack-CVE/POC,Live-Hack-CVE/POC,619822673
CVE-2019-19699,0.00007218,https://github.com/vulsio/go-exploitdb,vulsio/go-exploitdb,151353348
CVE-2019-19699,0.00005749,https://github.com/L1GH7/Vaultiris,L1GH7/Vaultiris,568121763
CVE-2019-19699,0.00005376,https://github.com/cvebase/cvebase.com,cvebase/cvebase.com,300791308
CVE-2019-19699,0.00002714,https://github.com/kaismax/CVE-Poc,kaismax/CVE-Poc,462788135
CVE-2019-19699,0.00001598,https://github.com/leesinz/crush,leesinz/crush,751271973
CVE-2019-19699,0.00001465,https://github.com/SkyBelll/CVE-PoC,SkyBelll/CVE-PoC,585756450
CVE-2019-19699,0.00001432,https://github.com/just3019/CNVD-updater,just3019/CNVD-updater,284659876
CVE-2019-19699,0.00001324,https://github.com/CVEDB/cve-poc,CVEDB/cve-poc,617748045
CVE-2019-19699,0.00001319,https://github.com/w3security/PoCVE,w3security/PoCVE,606657364
CVE-2019-19699,0.00001219,https://github.com/hellmaxx/Vulnerability-and-exploit-collector-and-map-for-information-security-analytics,hellmaxx/Vulnerability-and-exploit-collector-and-map-for-information-security-analytics,613327762
CVE-2019-19699,0.00001085,https://github.com/samvho/exploit_prediction,samvho/exploit_prediction,454109614
CVE-2019-19699,0.00001031,https://github.com/afonsovitorio/cve_sandbox,afonsovitorio/cve_sandbox,756917322
CVE-2019-19699,0.00000937,https://github.com/0xMarcio/cve,0xMarcio/cve,805332779
CVE-2019-19699,0.00000929,https://github.com/cve-sandbox-bot/cve_sandbox,cve-sandbox-bot/cve_sandbox,761136511
CVE-2019-19699,0.00000928,https://github.com/trickest/cve,trickest/cve,454015416
CVE-2019-19699,0.00000673,https://github.com/meelunae/exploitability_prediction,meelunae/exploitability_prediction,612770665
CVE-2019-19699,0.00000665,https://github.com/NadimKawwa/Cyber_Threat_Identification,NadimKawwa/Cyber_Threat_Identification,318011542
CVE-2019-19699,0.00000629,https://github.com/Vasileios-Mavroeidis/semantic-stix-vulnerability,Vasileios-Mavroeidis/semantic-stix-vulnerability,392265661
CVE-2019-19699,0.00000570,https://github.com/Yuning-J/VulnerabilityClassifier,Yuning-J/VulnerabilityClassifier,429349871
CVE-2019-19699,0.00000553,https://github.com/jgamblin/EPSSNVD,jgamblin/EPSSNVD,457057905
CVE-2019-19699,0.00000473,https://github.com/zer0daysec/CNVD-SharedVulData-XML,zer0daysec/CNVD-SharedVulData-XML,724578396
CVE-2019-19699,0.00000472,https://github.com/zhangkaibin0921/cnvd_official_data_and_spider,zhangkaibin0921/cnvd_official_data_and_spider,731956729
CVE-2019-19699,0.00000432,https://github.com/gmatuz/inthewilddb,gmatuz/inthewilddb,404367677
CVE-2019-19699,0.00000416,https://github.com/scmanjarrez/CVEScannerV2DB,scmanjarrez/CVEScannerV2DB,394995609
CVE-2019-19699,0.00000362,https://github.com/Live-Hack-CVE/full_database,Live-Hack-CVE/full_database,603381678
CVE-2019-19699,0.00000359,https://github.com/BenjiTrapp/cisa-known-vuln-scraper,BenjiTrapp/cisa-known-vuln-scraper,669852222
CVE-2019-19699,0.00000323,https://github.com/kaRaGODDD/cve_database,kaRaGODDD/cve_database,747924426
CVE-2019-19699,0.00000306,https://github.com/g33kb00m/CVE2Chinese,g33kb00m/CVE2Chinese,582653564
