match,match_weight,repo_url,repo_full_name,repo_id
CVE-2008-2661,0.00001186,https://github.com/scipag/vulscan,scipag/vulscan,84558222
CVE-2008-2661,0.00000306,https://github.com/g33kb00m/CVE2Chinese,g33kb00m/CVE2Chinese,582653564
