match,match_weight,repo_url,repo_full_name,repo_id
CVE-2023-49852,0.00006141,https://github.com/adysec/nuclei_poc,adysec/nuclei_poc,797010442
CVE-2023-49852,0.00000416,https://github.com/scmanjarrez/CVEScannerV2DB,scmanjarrez/CVEScannerV2DB,394995609
