match,match_weight,repo_url,repo_full_name,repo_id
CVE-2023-41232,0.00014192,https://github.com/s4mw1se/cve-exploitability,s4mw1se/cve-exploitability,748466197
CVE-2023-41232,0.00013546,https://github.com/Shahrukh95/Cybersecurity-Domain-ChatBot-based-on-a-Fine-Tuned-Open-Source-Large-Language-Model,Shahrukh95/Cybersecurity-Domain-ChatBot-based-on-a-Fine-Tuned-Open-Source-Large-Language-Model,765351570
CVE-2023-41232,0.00001031,https://github.com/afonsovitorio/cve_sandbox,afonsovitorio/cve_sandbox,756917322
CVE-2023-41232,0.00000937,https://github.com/0xMarcio/cve,0xMarcio/cve,805332779
CVE-2023-41232,0.00000929,https://github.com/cve-sandbox-bot/cve_sandbox,cve-sandbox-bot/cve_sandbox,761136511
CVE-2023-41232,0.00000928,https://github.com/trickest/cve,trickest/cve,454015416
CVE-2023-41232,0.00000416,https://github.com/scmanjarrez/CVEScannerV2DB,scmanjarrez/CVEScannerV2DB,394995609
CVE-2023-41232,0.00000359,https://github.com/BenjiTrapp/cisa-known-vuln-scraper,BenjiTrapp/cisa-known-vuln-scraper,669852222
