match,match_weight,repo_url,repo_full_name,repo_id
CVE-2018-7618,0.00000306,https://github.com/g33kb00m/CVE2Chinese,g33kb00m/CVE2Chinese,582653564
