match,match_weight,repo_url,repo_full_name,repo_id
CVE-2005-36684,0.00000359,https://github.com/BenjiTrapp/cisa-known-vuln-scraper,BenjiTrapp/cisa-known-vuln-scraper,669852222
