repo_id,repo_full_name,file,file_sha1,match
594107874,Live-Hack-CVE/CVE-2022-44026,README.md,0899f4d801045602af6d7fff02bb10fc1afaa15b,CVE-2022-44026
594107874,Live-Hack-CVE/CVE-2022-44026,_GITHUB_REPO_METADATA_,,CVE-2022-44026
